471, 8
465, 16
457, 24
450, 32
442, 40
435, 49
427, 57
421, 65
413, 73
408, 81
401, 90
396, 98
389, 106
382, 114
377, 122
371, 131
364, 140
359, 148
353, 156
348, 165
342, 174
336, 182
331, 191
324, 199
317, 207
311, 217
306, 225
300, 233
294, 242
289, 250
284, 259
280, 267
275, 276
271, 284
267, 292
264, 302
261, 310
259, 318
258, 327
257, 335
257, 344
258, 353
260, 361
263, 369
268, 378
276, 387
284, 395
293, 403
302, 412
313, 420
324, 429
337, 438
351, 446
366, 454
381, 463
401, 472
418, 480
438, 489
460, 497
480, 505
499, 515
520, 523
537, 531
555, 540
571, 548
588, 557
604, 565
620, 574
635, 582
650, 590
665, 600
680, 608
694, 616
710, 625
726, 633
741, 642
758, 651
774, 659
793, 667
810, 676
825, 685
842, 693
859, 701
874, 710
890, 718
908, 727
919, 736
929, 744
937, 752
943, 761
951, 770
955, 778
959, 787
961, 795
963, 803
965, 813
966, 821
967, 829
967, 837
968, 846
967, 855
967, 863
967, 872
966, 880
964, 888
960, 898
957, 906
947, 914
937, 923
927, 931
913, 940
899, 949
885, 957
869, 965
852, 974
836, 983
820, 991
804, 999
788, 1008
770, 1016
755, 1026
740, 1035
725, 1043
711, 1052
697, 1061
685, 1070
672, 1079
658, 1088
645, 1096
632, 1105
617, 1115
602, 1123
586, 1132
570, 1141
553, 1149
535, 1159
516, 1168
494, 1176
472, 1185
451, 1195
428, 1204
406, 1212
383, 1221
362, 1230
341, 1239
322, 1248
302, 1257
285, 1265
269, 1274
256, 1284
243, 1292
230, 1301
218, 1310
208, 1318
199, 1328
194, 1337
187, 1345
185, 1354
183, 1363
183, 1372
183, 1381
186, 1390
188, 1398
194, 1408
201, 1417
209, 1425
221, 1434
232, 1443
243, 1452
256, 1461
268, 1470
281, 1478
294, 1487
308, 1497
320, 1505
331, 1514
343, 1523
355, 1531
366, 1541
379, 1550
390, 1558
401, 1567
410, 1576
421, 1585
432, 1594
442, 1603
455, 1611
465, 1620
475, 1630
486, 1638
498, 1647
509, 1656
522, 1665
536, 1674
552, 1683
569, 1691
586, 1700
602, 1710
633, 1727
646, 1736
661, 1744
675, 1754
687, 1763
700, 1771
714, 1780
726, 1789
736, 1798
747, 1807
756, 1816
764, 1824
770, 1833
778, 1843
786, 1851
795, 1860
803, 1869
805, 1878
811, 1887
814, 1896
819, 1904
822, 1913
826, 1923
827, 1931
828, 1940
828, 1949
828, 1957
828, 1967
828, 1976
826, 1984
825, 1993
822, 2002
819, 2011
815, 2020
810, 2029
802, 2037
794, 2046
783, 2056
770, 2064
759, 2073
747, 2082
732, 2091
717, 2100
700, 2109
683, 2117
665, 2126
648, 2136
630, 2144
613, 2153
595, 2162
580, 2171
563, 2180
548, 2189
533, 2198
517, 2206
503, 2215
487, 2225
472, 2233
458, 2242
443, 2251
428, 2259
416, 2269
401, 2278
388, 2286
374, 2295
360, 2305
344, 2313
327, 2322
309, 2331
288, 2339
268, 2349
247, 2358
228, 2366
209, 2375
192, 2384
175, 2393
159, 2402
143, 2411
128, 2419
115, 2428
106, 2438
99, 2446
96, 2454
96, 2463
96, 2471
100, 2481
110, 2489
121, 2498
134, 2507
151, 2515
166, 2525
184, 2534
201, 2542
214, 2551
228, 2561
240, 2569
251, 2578
262, 2587
276, 2595
289, 2605
305, 2614
320, 2622
333, 2631
347, 2640
357, 2649
365, 2658
371, 2667
375, 2675
378, 2684
377, 2694
377, 2702
375, 2711
372, 2720
369, 2728
364, 2738
358, 2747
352, 2755
343, 2764
333, 2774
322, 2782
308, 2791
290, 2800
268, 2808
245, 2818
222, 2827
202, 2835
183, 2844
171, 2853
161, 2862
156, 2871
153, 2880
151, 2888
151, 2897
152, 2907
154, 2915
156, 2924
160, 2933
166, 2941
173, 2951
180, 2960
188, 2968
197, 2977
206, 2987
216, 2995
224, 3004
231, 3013
237, 3021
242, 3031
247, 3040
252, 3048
255, 3057
256, 3066
256, 3075
253, 3084
251, 3093
247, 3101
242, 3110
237, 3120
230, 3128
224, 3137
218, 3146
209, 3154
200, 3164
186, 3173
175, 3181
160, 3190
148, 3200
135, 3208
127, 3217
118, 3226
112, 3234
109, 3244
108, 3253
108, 3261
109, 3270
111, 3279
118, 3288
125, 3297
132, 3306
143, 3315
153, 3323
165, 3333
176, 3342
185, 3350
195, 3359
205, 3368
214, 3377
222, 3386
230, 3395
238, 3403
243, 3412
247, 3422
250, 3430
250, 3439
250, 3448
249, 3457
246, 3466
242, 3475
238, 3483
232, 3492
227, 3502
219, 3510
213, 3519
205, 3528
195, 3536
184, 3546
172, 3555
157, 3563
141, 3572
125, 3581
108, 3590
88, 3599
72, 3607
57, 3615
42, 3624
28, 3633
11, 3641
0, 3649
0, 3657
0, 3665
0, 3674
0, 3682
0, 3690
0, 3698
0, 3706
0, 3715
0, 3723
0, 3731
0, 3739
0, 3747
0, 3756
0, 3764
0, 3772
0, 3779
0, 3787
0, 3795
0, 3804
0, 3812
0, 3820
0, 3828
0, 3836
0, 3845
0, 3853
0, 3861
0, 3869
0, 3877
0, 3886
0, 3894
0, 3902
0, 3910
0, 3918
0, 3927
0, 3935
0, 3943
0, 3951
0, 3959
0, 3968
2, 3976
17, 3984
30, 3992
43, 4001
53, 4009
64, 4018
73, 4026
81, 4035
91, 4043
99, 4051
106, 4061
113, 4070
119, 4078
121, 4087
123, 4097
123, 4114
120, 4123
117, 4131
111, 4141
104, 4150
97, 4158
90, 4166
81, 4175
71, 4184
59, 4192
50, 4201
36, 4209
26, 4217
16, 4227
6, 4235
0, 4243
0, 4250
0, 4258
0, 4267
0, 4275
0, 4283
0, 4291
0, 4299
0, 4307
0, 4316
8, 4324
19, 4332
31, 4341
44, 4349
56, 4358
68, 4367
78, 4375
87, 4383
92, 4392
97, 4401
96, 4409
96, 4418
95, 4426
91, 4434
85, 4444
78, 4452
68, 4460
58, 4468
46, 4477
32, 4486
18, 4494
6, 4502
0, 4510
0, 4518
0, 4527
0, 4535
0, 4543
0, 4551
0, 4559
0, 4568
0, 4576
0, 4584
8, 4592
22, 4600
37, 4610
52, 4618
66, 4626
80, 4635
92, 4643
104, 4653
114, 4661
125, 4670
133, 4679
143, 4687
152, 4697
159, 4706
166, 4714
176, 4723
184, 4732
194, 4741
203, 4750
210, 4759
221, 4767
232, 4776
243, 4786
258, 4794
274, 4803
294, 4812
311, 4820
330, 4830
347, 4839
362, 4847
376, 4856
390, 4866
403, 4874
415, 4883
428, 4892
440, 4900
452, 4910
461, 4919
469, 4927
476, 4936
483, 4945
487, 4954
492, 4963
497, 4972
498, 4980
499, 4989
499, 4999
500, 5007
499, 5016
499, 5025
497, 5033
492, 5043
487, 5052
477, 5060
466, 5069
449, 5079
430, 5087
412, 5096
394, 5105
377, 5113
362, 5123
351, 5132
341, 5140
333, 5149
329, 5158
326, 5167
326, 5176
326, 5185
328, 5193
332, 5202
339, 5212
349, 5220
360, 5229
371, 5238
381, 5246
396, 5256
405, 5265
416, 5273
426, 5282
434, 5292
441, 5300
447, 5309
450, 5318
452, 5326
453, 5336
453, 5345
452, 5353
450, 5362
446, 5371
440, 5380
432, 5389
426, 5398
416, 5406
407, 5415
399, 5425
390, 5433
382, 5442
375, 5451
370, 5459
364, 5469
363, 5478
361, 5486
362, 5495
363, 5505
367, 5513
371, 5522
379, 5531
386, 5540
395, 5549
402, 5558
411, 5567
422, 5575
431, 5584
440, 5594
450, 5602
459, 5611
466, 5620
473, 5628
481, 5638
487, 5647
494, 5655
502, 5664
508, 5673
515, 5682
522, 5691
530, 5700
537, 5708
544, 5718
552, 5727
558, 5735
567, 5744
574, 5753
582, 5762
590, 5771
594, 5780
598, 5788
601, 5797
603, 5807
603, 5815
602, 5824
601, 5833
599, 5841
593, 5851
587, 5860
578, 5868
566, 5877
551, 5886
536, 5895
520, 5904
503, 5913
486, 5921
470, 5931
454, 5940
440, 5948
426, 5957
409, 5966
394, 5975
376, 5984
360, 5993
343, 6001
328, 6010
313, 6020
300, 6028
286, 6037
273, 6046
260, 6054
249, 6064
237, 6073
227, 6081
215, 6090
206, 6099
200, 6108
194, 6117
195, 6126
195, 6134
199, 6144
204, 6153
213, 6161
227, 6170
244, 6179
261, 6188
283, 6197
305, 6206
328, 6214
349, 6223
369, 6233
384, 6241
398, 6250
409, 6259
418, 6267
426, 6277
429, 6286
432, 6295
433, 6303
433, 6312
431, 6322
428, 6330
423, 6339
416, 6348
409, 6356
401, 6366
393, 6375
382, 6383
371, 6392
360, 6402
346, 6410
332, 6419
320, 6428
307, 6436
297, 6446
289, 6455
285, 6463
282, 6472
282, 6481
282, 6490
283, 6499
285, 6508
290, 6516
296, 6525
305, 6535
314, 6543
324, 6552
333, 6561
344, 6569
353, 6579
360, 6588
365, 6596
368, 6605
369, 6615
369, 6623
367, 6632
364, 6641
358, 6649
352, 6659
342, 6668
332, 6676
321, 6685
308, 6694
294, 6703
280, 6712
266, 6721
253, 6729
241, 6738
230, 6748
218, 6756
209, 6765
204, 6774
198, 6782
194, 6792
193, 6801
193, 6809
194, 6818
194, 6828
195, 6836
199, 6845
204, 6854
210, 6862
219, 6872
230, 6881
241, 6889
253, 6898
263, 6907
272, 6916
279, 6925
284, 6934
285, 6942
285, 6951
284, 6961
284, 6969
280, 6978
274, 6987
264, 6995
256, 7005
243, 7014
231, 7022
218, 7031
207, 7041
197, 7049
187, 7058
178, 7067
169, 7075
160, 7085
154, 7094
149, 7102
144, 7111
141, 7120
140, 7129
139, 7138
140, 7147
140, 7155
143, 7164
148, 7174
151, 7182
156, 7191
161, 7200
166, 7208
172, 7218
178, 7227
180, 7235
181, 7244
181, 7254
181, 7263
178, 7271
175, 7280
167, 7289
160, 7298
154, 7307
146, 7316
137, 7324
128, 7333
120, 7343
111, 7351
103, 7360
95, 7368
86, 7377
78, 7386
71, 7394
63, 7402
55, 7411
51, 7419
47, 7428
46, 7437
44, 7445
46, 7453
47, 7462
54, 7471
59, 7479
65, 7488
74, 7496
81, 7504
88, 7514
92, 7522
97, 7530
98, 7538
99, 7547
99, 7556
98, 7564
96, 7573
91, 7581
83, 7589
76, 7599
67, 7607
60, 7615
51, 7624
44, 7632
38, 7641
32, 7650
28, 7658
23, 7666
20, 7674
19, 7684
18, 7692
18, 7700
17, 7709
18, 7717
18, 7726
21, 7735
25, 7743
31, 7751
39, 7760
47, 7769
57, 7777
64, 7786
73, 7794
79, 7802
82, 7811
84, 7820
85, 7828
84, 7836
83, 7845
80, 7854
76, 7862
70, 7871
64, 7879
58, 7887
49, 7897
41, 7905
32, 7913
25, 7922
18, 7930
11, 7939
5, 7947
1, 7955
0, 7963
0, 7971
0, 7980
0, 7988
0, 7996
0, 8004
0, 8012
0, 8020
0, 8029
0, 8037
0, 8045
0, 8053
0, 8061
0, 8070
0, 8078
0, 8085
0, 8093
0, 8101
0, 8110
0, 8118
0, 8126
0, 8134
0, 8142
0, 8151
0, 8159
0, 8167
0, 8175
0, 8183
0, 8192
0, 8200
0, 8208
0, 8216
0, 8224
0, 8232
0, 8241
0, 8249
0, 8257
0, 8265
0, 8273
0, 8282
0, 8290
0, 8298
0, 8305
0, 8313
0, 8322
0, 8330
0, 8338
0, 8346
0, 8354
0, 8363
0, 8371
0, 8379
0, 8387
0, 8395
0, 8403
0, 8412
2, 8420
7, 8428
10, 8436
12, 8445
14, 8454
13, 8462
12, 8470
11, 8479
7, 8487
2, 8496
0, 8504
0, 8512
0, 8520
0, 8528
0, 8536
0, 8544
0, 8552
0, 8560
0, 8568
0, 8577
0, 8585
0, 8593
0, 8601
0, 8609
0, 8617
0, 8626
0, 8634
0, 8642
0, 8650
0, 8658
0, 8667
0, 8675
0, 8683
0, 8691
0, 8699
0, 8708
2, 8716
11, 8724
22, 8732
31, 8741
36, 8750
42, 8758
46, 8767
46, 8775
47, 8783
46, 8792
44, 8801
39, 8809
36, 8817
29, 8826
21, 8835
14, 8843
6, 8851
0, 8859
0, 8867
0, 8876
0, 8884
0, 8892
0, 8900
0, 8908
0, 8916
0, 8925
0, 8933
0, 8941
0, 8949
0, 8957
0, 8966
0, 8974
0, 8982
0, 8990
0, 8998
10, 9007
23, 9015
37, 9024
50, 9032
64, 9040
76, 9050
88, 9058
98, 9066
108, 9075
116, 9083
124, 9093
128, 9102
130, 9111
131, 9119
131, 9128
129, 9138
127, 9146
124, 9155
119, 9164
113, 9172
107, 9182
99, 9190
91, 9198
83, 9207
76, 9216
70, 9224
65, 9233
63, 9241
63, 9249
62, 9259
63, 9267
64, 9275
68, 9284
76, 9292
84, 9300
92, 9310
102, 9318
113, 9327
126, 9336
136, 9345
148, 9354
157, 9363
166, 9371
176, 9380
181, 9390
187, 9398
191, 9407
193, 9416
194, 9424
193, 9434
191, 9443
186, 9451
182, 9460
177, 9469
171, 9478
165, 9487
158, 9496
151, 9504
143, 9513
136, 9523
130, 9531
127, 9540
123, 9549
120, 9558
119, 9567
120, 9576
120, 9584
123, 9593
126, 9603
129, 9611
136, 9620
143, 9629
152, 9637
160, 9647
171, 9656
181, 9664
194, 9673
204, 9682
214, 9691
223, 9700
230, 9709
237, 9717
241, 9726
244, 9736
245, 9744
246, 9753
247, 9762
246, 9771
245, 9780
241, 9789
235, 9797
228, 9806
220, 9816
212, 9824
205, 9833
200, 9842
195, 9850
188, 9860
186, 9869
185, 9877
185, 9886
185, 9895
186, 9904
189, 9913
194, 9922
199, 9931
206, 9939
212, 9949
222, 9958
231, 9966
243, 9975
252, 9985
262, 9993
272, 10002
281, 10011
289, 10020
296, 10030
303, 10039
308, 10048
311, 10057
313, 10066
314, 10076
315, 10085
314, 10094
311, 10103
309, 10113
306, 10122
300, 10131
294, 10140
287, 10149
279, 10159
276, 10168
272, 10177
269, 10186
267, 10196
266, 10206
266, 10215
266, 10224
266, 10233
266, 10243
268, 10252
270, 10261
274, 10270
280, 10279
288, 10289
297, 10298
309, 10307
321, 10316
333, 10326
345, 10335
358, 10344
370, 10353
384, 10362
397, 10372
405, 10381
412, 10390
418, 10399
422, 10408
422, 10418
421, 10427
418, 10436
414, 10445
408, 10455
402, 10464
393, 10473
384, 10482
379, 10491
375, 10502
372, 10511
372, 10520
374, 10529
379, 10539
382, 10548
390, 10557
397, 10566
404, 10575
411, 10585
418, 10594
424, 10603
429, 10612
437, 10621
444, 10631
453, 10640
461, 10649
469, 10658
476, 10668
485, 10677
493, 10686
500, 10695
506, 10704
511, 10714
514, 10723
514, 10732
513, 10741
513, 10750
512, 10760
508, 10769
505, 10778
499, 10787
494, 10798
487, 10807
481, 10816
474, 10825
470, 10834
464, 10844
457, 10853
452, 10862
449, 10871
448, 10881
448, 10890
450, 10899
453, 10908
458, 10917
465, 10927
473, 10936
482, 10945
493, 10954
505, 10963
518, 10973
530, 10982
541, 10991
557, 11000
568, 11010
580, 11019
592, 11028
605, 11037
618, 11046
628, 11056
637, 11065
644, 11074
648, 11083
651, 11094
652, 11103
653, 11112
652, 11121
652, 11130
650, 11140
646, 11149
642, 11158
636, 11167
628, 11176
622, 11186
615, 11195
611, 11204
609, 11213
608, 11223
607, 11232
609, 11241
612, 11250
613, 11259
618, 11269
622, 11278
626, 11287
633, 11296
639, 11305
644, 11315
652, 11324
659, 11333
664, 11342
671, 11352
677, 11361
684, 11370
691, 11379
695, 11389
699, 11399
702, 11408
706, 11417
706, 11426
708, 11436
707, 11445
708, 11454
708, 11463
707, 11472
706, 11482
703, 11491
701, 11500
697, 11509
694, 11518
690, 11528
686, 11537
684, 11546
683, 11555
682, 11565
682, 11574
682, 11583
684, 11592
686, 11601
689, 11611
692, 11620
696, 11629
702, 11638
706, 11648
712, 11657
716, 11666
721, 11675
726, 11685
730, 11695
733, 11704
736, 11713
738, 11722
738, 11731
739, 11741
739, 11750
741, 11759
740, 11768
740, 11778
740, 11787
739, 11796
738, 11805
733, 11814
729, 11824
721, 11833
713, 11842
703, 11851
695, 11860
687, 11870
682, 11879
677, 11888
674, 11897
673, 11907
673, 11916
673, 11925
673, 11934
674, 11943
677, 11953
680, 11962
686, 11971
690, 11981
697, 11991
703, 12000
709, 12009
714, 12018
718, 12027
722, 12037
725, 12046
727, 12055
731, 12064
733, 12073
737, 12083
740, 12092
743, 12101
746, 12110
749, 12120
751, 12129
753, 12138
755, 12147
758, 12156
757, 12166
757, 12175
758, 12184
757, 12193
757, 12203
755, 12212
751, 12221
747, 12230
741, 12239
733, 12249
725, 12258
717, 12268
711, 12277
705, 12286
701, 12296
698, 12305
695, 12314
694, 12323
693, 12333
692, 12342
691, 12351
691, 12360
692, 12369
693, 12379
694, 12388
698, 12397
704, 12406
712, 12416
719, 12425
729, 12434
738, 12443
746, 12452
755, 12462
763, 12471
770, 12480
781, 12489
790, 12498
799, 12508
806, 12517
815, 12526
822, 12535
829, 12545
836, 12554
842, 12564
848, 12573
856, 12582
862, 12592
871, 12601
878, 12610
887, 12619
896, 12628
907, 12638
915, 12647
922, 12656
930, 12665
937, 12675
943, 12684
946, 12693
950, 12702
950, 12711
950, 12721
950, 12730
951, 12739
951, 12748
947, 12758
945, 12767
941, 12776
938, 12785
934, 12794
931, 12804
931, 12813
930, 12822
929, 12831
929, 12840
929, 12850
931, 12860
931, 12869
934, 12878
938, 12888
944, 12897
951, 12906
959, 12915
965, 12924
973, 12934
981, 12943
989, 12952
997, 12961
1007, 12971
1017, 12981
1023, 12990
1023, 12999
1023, 13009
1023, 13019
1023, 13029
1023, 13038
1023, 13047
1023, 13058
1023, 13067
1023, 13076
1023, 13086
1023, 13095
1023, 13106
1023, 13115
1023, 13124
1023, 13134
1023, 13144
1023, 13154
1023, 13163
1023, 13172
1023, 13182
1023, 13192
1023, 13201
1023, 13211
1023, 13220
1023, 13231
1023, 13240
1023, 13249
1023, 13259
1023, 13268
1023, 13279
1023, 13288
1023, 13297
1023, 13307
1023, 13317
1023, 13326
1023, 13336
1023, 13345
1023, 13356
1023, 13365
1023, 13374
1023, 13384
1023, 13393
1023, 13404
1023, 13413
1023, 13422
1023, 13432
1023, 13442
1023, 13452
1023, 13461
1023, 13470
1023, 13480
1023, 13490
1023, 13499
1023, 13509
1023, 13518
1023, 13529
1023, 13538
1023, 13547
1023, 13557
1023, 13566
1023, 13577
1023, 13586
1023, 13595
1023, 13605
1023, 13615
1023, 13624
1023, 13634
1023, 13643
1017, 13654
1007, 13663
997, 13672
988, 13681
978, 13690
968, 13700
962, 13709
959, 13718
955, 13727
953, 13736
953, 13746
954, 13755
956, 13764
958, 13773
961, 13783
966, 13792
972, 13801
979, 13811
986, 13820
993, 13830
1000, 13839
1006, 13848
1014, 13858
1019, 13868
1023, 13878
1022, 13887
1023, 13896
1023, 13906
1023, 13916
1023, 13925
1023, 13935
1023, 13944
1023, 13955
1023, 13964
1023, 13973
1023, 13983
1022, 13992
1023, 14003
1023, 14012
1015, 14021
1006, 14031
996, 14041
987, 14050
976, 14059
966, 14068
954, 14077
942, 14087
931, 14096
918, 14105
907, 14114
894, 14124
883, 14133
871, 14142
859, 14151
844, 14160
832, 14170
821, 14179
809, 14188
796, 14197
783, 14206
767, 14216
753, 14225
740, 14234
726, 14243
710, 14253
695, 14262
680, 14272
665, 14281
649, 14290
633, 14300
615, 14309
599, 14318
582, 14327
564, 14337
548, 14346
532, 14355
517, 14364
504, 14373
488, 14383
475, 14392
465, 14401
456, 14410
445, 14419
436, 14429
428, 14438
419, 14447
411, 14456
402, 14466
392, 14475
381, 14484
372, 14493
362, 14502
353, 14512
344, 14521
336, 14530
329, 14539
325, 14548
323, 14558
322, 14568
322, 14577
323, 14586
326, 14596
331, 14605
336, 14614
343, 14623
352, 14632
362, 14642
374, 14651
386, 14660
401, 14669
417, 14679
432, 14688
447, 14697
461, 14706
472, 14715
485, 14725
496, 14734
508, 14743
518, 14752
528, 14761
538, 14771
549, 14780
559, 14789
571, 14798
582, 14808
594, 14817
607, 14826
619, 14835
631, 14844
643, 14854
657, 14864
670, 14873
683, 14882
697, 14892
713, 14901
727, 14910
741, 14919
754, 14928
765, 14938
779, 14947
789, 14956
801, 14965
810, 14974
819, 14984
826, 14993
837, 15002
843, 15011
853, 15021
864, 15030
874, 15039
883, 15048
892, 15057
899, 15067
906, 15076
911, 15085
914, 15094
918, 15104
921, 15113
922, 15122
922, 15131
922, 15140
921, 15150
920, 15160
917, 15169
913, 15178
907, 15187
897, 15197
887, 15206
876, 15215
864, 15224
849, 15234
836, 15243
821, 15252
808, 15261
793, 15270
778, 15280
762, 15289
748, 15298
736, 15307
725, 15316
716, 15326
709, 15335
706, 15344
705, 15353
706, 15363
708, 15372
714, 15381
718, 15390
727, 15399
737, 15409
747, 15418
758, 15427
770, 15436
782, 15446
792, 15456
802, 15465
808, 15474
811, 15483
812, 15493
811, 15502
809, 15511
806, 15520
800, 15529
791, 15539
781, 15548
769, 15557
758, 15566
747, 15576
734, 15585
723, 15594
712, 15603
701, 15612
692, 15622
685, 15631
679, 15640
675, 15649
674, 15659
674, 15668
674, 15677
676, 15686
683, 15695
690, 15705
700, 15714
713, 15723
725, 15732
740, 15741
755, 15752
769, 15761
779, 15770
787, 15779
790, 15789
791, 15798
791, 15807
790, 15816
789, 15825
784, 15835
775, 15844
764, 15853
751, 15862
739, 15872
725, 15881
713, 15890
699, 15899
687, 15908
675, 15918
662, 15927
648, 15936
634, 15945
617, 15954
599, 15964
582, 15973
567, 15982
552, 15991
538, 16001
525, 16010
513, 16019
500, 16028
488, 16037
477, 16047
468, 16057
457, 16066
449, 16075
442, 16084
439, 16094
437, 16103
436, 16112
437, 16121
439, 16131
445, 16140
454, 16149
462, 16158
472, 16167
486, 16177
503, 16186
520, 16195
538, 16204
557, 16214
573, 16223
591, 16232
610, 16241
628, 16250
645, 16260
661, 16269
677, 16278
691, 16287
705, 16296
719, 16306
733, 16315
747, 16324
758, 16333
770, 16343
782, 16352
794, 16362
804, 16371
814, 16380
822, 16390
829, 16399
836, 16408
841, 16417
848, 16427
856, 16436
863, 16445
868, 16454
871, 16463
872, 16473
872, 16482
872, 16491
872, 16500
871, 16509
869, 16519
866, 16528
862, 16537
856, 16546
846, 16556
836, 16565
825, 16574
814, 16583
799, 16592
783, 16602
765, 16611
751, 16620
738, 16629
725, 16638
714, 16648
700, 16658
689, 16667
676, 16676
664, 16686
649, 16695
634, 16704
619, 16713
600, 16722
581, 16732
561, 16741
540, 16750
519, 16759
496, 16769
472, 16778
453, 16787
434, 16796
418, 16805
402, 16815
389, 16824
377, 16833
365, 16842
357, 16851
348, 16861
342, 16870
337, 16879
334, 16888
331, 16898
331, 16907
331, 16916
332, 16925
332, 16934
333, 16944
338, 16953
343, 16962
351, 16971
360, 16982
370, 16991
380, 17000
391, 17009
402, 17018
411, 17028
421, 17037
432, 17046
441, 17055
454, 17064
465, 17074
475, 17083
489, 17092
506, 17101
520, 17111
534, 17120
548, 17129
561, 17138
572, 17147
581, 17157
589, 17166
596, 17175
600, 17184
602, 17193
601, 17203
601, 17212
599, 17221
596, 17230
590, 17240
583, 17249
574, 17258
566, 17267
557, 17277
549, 17287
540, 17296
531, 17305
522, 17314
512, 17324
503, 17333
494, 17342
487, 17351
482, 17360
479, 17370
478, 17379
479, 17388
482, 17397
487, 17406
497, 17416
508, 17425
521, 17434
532, 17443
544, 17453
557, 17462
567, 17471
578, 17480
587, 17489
592, 17499
595, 17508
594, 17517
592, 17526
590, 17536
587, 17545
581, 17554
573, 17563
565, 17573
555, 17583
543, 17592
531, 17601
519, 17610
507, 17619
495, 17629
483, 17638
471, 17647
462, 17656
453, 17666
443, 17675
436, 17684
430, 17693
425, 17702
420, 17712
416, 17721
412, 17730
410, 17739
408, 17748
407, 17758
405, 17767
404, 17776
405, 17785
406, 17795
410, 17804
418, 17813
431, 17822
446, 17831
467, 17841
487, 17850
511, 17859
533, 17869
556, 17879
575, 17888
597, 17897
620, 17906
642, 17915
666, 17925
687, 17934
707, 17943
725, 17952
741, 17961
755, 17971
769, 17980
781, 17989
792, 17998
803, 18008
811, 18017
815, 18026
819, 18035
822, 18044
822, 18054
823, 18063
824, 18072
823, 18081
823, 18091
823, 18100
823, 18109
822, 18118
821, 18127
820, 18137
815, 18146
808, 18155
798, 18165
785, 18174
770, 18184
757, 18193
743, 18202
731, 18211
720, 18221
713, 18230
704, 18239
697, 18248
691, 18257
687, 18267
683, 18276
679, 18285
676, 18294
676, 18304
677, 18313
680, 18322
683, 18331
687, 18340
693, 18350
699, 18359
706, 18368
715, 18377
724, 18386
733, 18396
743, 18405
751, 18414
761, 18423
768, 18433
773, 18442
776, 18452
776, 18461
776, 18470
775, 18480
772, 18489
769, 18498
766, 18507
760, 18516
754, 18526
748, 18535
740, 18544
732, 18553
724, 18563
715, 18572
703, 18581
694, 18590
685, 18599
676, 18609
670, 18618
666, 18627
664, 18636
661, 18646
661, 18655
661, 18664
662, 18673
661, 18682
663, 18692
666, 18701
672, 18710
679, 18719
688, 18728
697, 18738
711, 18748
725, 18757
738, 18766
750, 18776
762, 18785
773, 18794
784, 18803
793, 18812
803, 18822
811, 18831
819, 18840
826, 18849
834, 18859
841, 18868
849, 18877
857, 18886
863, 18895
870, 18905
879, 18914
885, 18923
892, 18932
901, 18941
909, 18951
916, 18960
922, 18969
930, 18978
935, 18988
945, 19006
949, 19015
952, 19024
955, 19034
958, 19044
959, 19053
960, 19062
963, 19072
963, 19081
963, 19090
963, 19099
963, 19108
963, 19118
961, 19127
958, 19136
953, 19145
947, 19154
941, 19164
932, 19173
923, 19182
914, 19191
903, 19201
892, 19210
883, 19219
874, 19228
866, 19237
860, 19247
856, 19256
851, 19265
849, 19274
848, 19283
847, 19293
850, 19311
852, 19320
857, 19330
864, 19340
870, 19349
877, 19358
885, 19367
892, 19377
899, 19386
905, 19395
910, 19404
916, 19414
922, 19423
930, 19432
937, 19441
941, 19450
948, 19460
950, 19469
957, 19478
958, 19487
960, 19496
960, 19506
960, 19515
960, 19524
960, 19533
959, 19543
957, 19552
952, 19561
948, 19570
941, 19579
932, 19589
922, 19598
913, 19607
902, 19616
893, 19625
885, 19636
882, 19645
879, 19654
877, 19663
876, 19673
877, 19682
881, 19691
885, 19700
893, 19709
901, 19719
909, 19728
918, 19737
927, 19746
935, 19756
941, 19765
948, 19774
953, 19783
958, 19792
960, 19802
961, 19811
963, 19820
963, 19829
962, 19838
963, 19848
961, 19857
959, 19866
955, 19875
949, 19885
940, 19894
932, 19903
920, 19912
909, 19921
897, 19932
885, 19941
875, 19950
866, 19959
860, 19969
854, 19978
853, 19987
853, 19996
855, 20005
860, 20015
865, 20024
874, 20033
884, 20042
893, 20051
906, 20061
917, 20070
927, 20079
939, 20088
948, 20098
955, 20107
961, 20116
967, 20125
971, 20134
973, 20144
974, 20153
973, 20162
974, 20171
974, 20180
972, 20190
969, 20199
963, 20208
958, 20217
950, 20228
939, 20237
930, 20246
919, 20255
905, 20264
891, 20274
875, 20283
860, 20292
842, 20301
827, 20311
813, 20320
801, 20329
787, 20338
776, 20347
765, 20357
756, 20366
746, 20375
737, 20384
728, 20393
720, 20403
711, 20412
701, 20421
693, 20430
685, 20440
676, 20449
665, 20458
655, 20467
644, 20476
634, 20486
622, 20495
613, 20504
602, 20514
591, 20524
582, 20533
570, 20542
558, 20551
548, 20560
537, 20570
524, 20579
509, 20588
495, 20597
482, 20606
470, 20616
458, 20625
449, 20634
442, 20643
439, 20653
438, 20662
439, 20671
445, 20680
455, 20689
465, 20699
475, 20708
486, 20717
499, 20726
513, 20736
526, 20745
540, 20754
554, 20763
570, 20772
584, 20782
594, 20791
603, 20800
609, 20810
611, 20819
611, 20829
611, 20838
610, 20847
609, 20856
605, 20866
602, 20875
596, 20884
587, 20893
578, 20902
567, 20912
557, 20921
544, 20930
532, 20939
519, 20948
508, 20958
499, 20967
492, 20976
487, 20985
485, 20995
484, 21004
484, 21013
484, 21022
487, 21031
493, 21041
501, 21050
511, 21059
522, 21068
532, 21078
544, 21087
556, 21096
566, 21105
573, 21115
580, 21125
583, 21134
583, 21143
582, 21152
581, 21161
579, 21171
574, 21180
571, 21189
564, 21198
557, 21208
548, 21217
539, 21226
528, 21235
516, 21244
505, 21254
494, 21263
484, 21272
476, 21281
472, 21291
472, 21300
472, 21309
472, 21318
477, 21327
484, 21337
491, 21346
500, 21355
510, 21364
520, 21373
531, 21383
542, 21392
557, 21401
571, 21411
586, 21421
601, 21430
615, 21439
629, 21448
642, 21457
655, 21467
667, 21476
682, 21485
695, 21494
708, 21504
721, 21513
733, 21522
745, 21531
755, 21540
766, 21550
779, 21559
791, 21568
802, 21577
813, 21586
823, 21596
831, 21605
840, 21614
845, 21623
851, 21633
857, 21642
859, 21651
860, 21660
861, 21669
862, 21679
863, 21688
863, 21698
862, 21707
863, 21716
863, 21726
863, 21735
864, 21744
865, 21753
867, 21763
872, 21772
876, 21781
880, 21790
889, 21799
897, 21809
907, 21818
914, 21827
923, 21836
933, 21846
942, 21855
949, 21864
958, 21873
967, 21882
973, 21892
981, 21901
989, 21910
995, 21919
1003, 21929
1009, 21939
1015, 21948
1018, 21958
1023, 21967
1023, 21978
1023, 21987
1023, 21996
1023, 22006
1023, 22016
1023, 22026
1023, 22035
1023, 22044
1018, 22054
1014, 22064
1007, 22073
998, 22083
990, 22092
979, 22102
967, 22111
951, 22120
939, 22129
922, 22138
906, 22148
887, 22157
871, 22166
853, 22175
838, 22184
823, 22194
810, 22203
796, 22212
781, 22221
767, 22231
753, 22240
739, 22249
723, 22258
708, 22267
693, 22277
678, 22286
664, 22295
650, 22304
637, 22313
621, 22323
607, 22332
590, 22341
573, 22350
555, 22360
536, 22369
516, 22379
499, 22388
485, 22397
471, 22407
463, 22416
453, 22425
444, 22434
439, 22444
435, 22453
435, 22462
435, 22471
435, 22480
439, 22490
446, 22499
452, 22508
460, 22517
468, 22526
479, 22536
490, 22545
503, 22554
515, 22563
528, 22573
539, 22582
549, 22591
559, 22600
570, 22609
581, 22619
592, 22628
604, 22637
618, 22646
629, 22656
641, 22665
651, 22675
661, 22684
672, 22693
684, 22703
697, 22712
713, 22721
729, 22730
747, 22739
764, 22749
779, 22758
793, 22767
806, 22776
818, 22786
829, 22795
840, 22804
852, 22813
865, 22822
878, 22832
887, 22841
897, 22850
908, 22859
918, 22868
927, 22878
938, 22887
948, 22896
959, 22905
969, 22915
979, 22924
991, 22933
999, 22942
1009, 22952
1018, 22962
1023, 22972
1023, 22981
1023, 22990
1022, 23001
1023, 23010
1023, 23020
1023, 23029
1023, 23038
1023, 23049
1023, 23058
1023, 23067
1023, 23077
1023, 23087
1023, 23097
1022, 23106
1023, 23115
1023, 23126
1023, 23135
1023, 23145
1023, 23154
1023, 23163
1023, 23174
1023, 23183
1023, 23193
1023, 23202
1023, 23212
1023, 23222
1023, 23231
1023, 23240
1023, 23250
1023, 23260
1023, 23270
1023, 23279
1023, 23288
1022, 23299
1023, 23308
1023, 23318
1011, 23327
994, 23336
976, 23346
958, 23355
940, 23364
920, 23373
901, 23383
884, 23392
863, 23401
842, 23410
821, 23419
801, 23429
781, 23438
763, 23447
748, 23456
733, 23465
720, 23475
705, 23484
691, 23493
676, 23503
662, 23513
647, 23522
632, 23531
614, 23540
596, 23549
578, 23559
561, 23568
544, 23577
529, 23586
514, 23596
499, 23605
486, 23614
474, 23623
464, 23632
453, 23642
442, 23651
433, 23660
427, 23669
422, 23678
419, 23688
419, 23697
420, 23706
423, 23715
427, 23725
434, 23734
440, 23743
450, 23752
460, 23761
471, 23771
484, 23780
499, 23790
515, 23799
531, 23809
548, 23818
566, 23827
585, 23836
604, 23845
624, 23855
645, 23864
666, 23873
685, 23882
704, 23891
724, 23901
742, 23910
759, 23919
779, 23928
798, 23938
815, 23947
831, 23956
847, 23965
863, 23974
873, 23984
884, 23993
892, 24002
896, 24011
900, 24020
903, 24030
905, 24039
905, 24048
904, 24057
904, 24067
900, 24076
894, 24086
886, 24095
876, 24104
863, 24114
848, 24123
832, 24132
814, 24141
797, 24151
776, 24160
757, 24169
736, 24178
715, 24187
695, 24197
676, 24206
655, 24215
635, 24224
616, 24233
596, 24243
576, 24252
556, 24261
537, 24270
519, 24280
503, 24289
486, 24298
472, 24307
463, 24316
454, 24326
447, 24335
441, 24344
439, 24353
439, 24363
439, 24372
441, 24382
445, 24391
451, 24400
457, 24410
464, 24419
471, 24428
483, 24437
495, 24446
507, 24456
519, 24465
530, 24474
542, 24483
555, 24493
566, 24502
579, 24511
592, 24520
609, 24529
627, 24539
648, 24548
669, 24557
692, 24566
714, 24576
735, 24585
754, 24594
773, 24603
792, 24612
811, 24622
827, 24631
842, 24640
861, 24649
874, 24658
887, 24668
899, 24678
910, 24687
918, 24696
927, 24706
933, 24715
938, 24724
944, 24733
951, 24742
958, 24752
965, 24761
971, 24770
977, 24779
985, 24788
992, 24798
995, 24807
1001, 24816
1006, 24826
1009, 24836
1013, 24846
1019, 24855
1023, 24864
1023, 24875
1023, 24884
1023, 24893
1022, 24903
1023, 24912
1023, 24923
1023, 24932
1023, 24941
1023, 24951
1023, 24961
1023, 24971
1023, 24980
1023, 24989
1020, 24999
1008, 25009
995, 25018
981, 25027
964, 25036
947, 25046
926, 25055
904, 25064
883, 25073
859, 25082
830, 25092
804, 25101
777, 25110
754, 25119
734, 25129
716, 25139
699, 25148
687, 25157
674, 25166
662, 25176
649, 25185
639, 25194
628, 25203
620, 25212
610, 25222
600, 25231
592, 25240
588, 25249
582, 25259
578, 25268
575, 25277
573, 25286
572, 25295
572, 25305
572, 25314
573, 25323
576, 25332
583, 25341
591, 25351
604, 25360
619, 25369
634, 25378
650, 25388
669, 25397
689, 25406
712, 25415
733, 25425
753, 25435
771, 25444
789, 25453
805, 25462
820, 25472
833, 25481
843, 25490
856, 25499
868, 25508
879, 25518
890, 25527
902, 25536
914, 25545
928, 25554
943, 25564
957, 25573
968, 25582
978, 25591
987, 25601
994, 25610
1005, 25620
1013, 25629
1017, 25638
1023, 25649
1023, 25658
1023, 25667
1023, 25677
1023, 25687
1023, 25697
1023, 25706
1023, 25715
1018, 25725
1015, 25735
1007, 25745
1000, 25754
991, 25763
979, 25773
966, 25782
949, 25791
932, 25800
913, 25809
891, 25819
868, 25828
843, 25837
819, 25846
793, 25856
768, 25865
747, 25874
728, 25883
708, 25892
691, 25902
674, 25911
658, 25920
644, 25929
628, 25939
614, 25949
599, 25958
586, 25967
575, 25976
563, 25986
554, 25995
542, 26004
533, 26013
525, 26022
515, 26032
507, 26041
499, 26050
493, 26059
487, 26068
483, 26078
480, 26087
478, 26096
478, 26105
478, 26115
478, 26124
478, 26133
478, 26142
